[GEOGRAPHIC]
Name=Photo01
North=50.7790236324458
South=50.7768527077467
West=-1.83368682861328
East=-1.83128356933593

width: 169.162
Height: 241.256m